Started : 2018-05-05 00:08:12.132914
Ended : 2018-05-05 00:35:04.993887
Started : 2018-05-05 23:00:00.089480
Ended : 2018-05-05 23:27:48.370309
