Ended : 2018-05-02 09:14:02.327244

Started : 2018-05-02 09:22:07.145896
Ended : 2018-05-02 09:50:48.760347